-81
-92
-91
-79
-55
-22
16
57
94
124
142
145
132
103
61
9
-47
-101
-146
-177
-190
-181
-151
-102
-39
31
100
158
198
212
196
150
77
-18
-123
-227
-315
-373
-388
-352
-260
-115
75
297
528
745
921
1028
1042
947
731
397
-44
-566
-1131
-1694
-2199
-2588
-2803
-2790
-2505
-1918
-1016
196
1691
3423
5326
7323
9321
11225
12942
14382
15471
16150
16384
16159
15488
14407
12973
11261
9359
7362
5365
3458
1723
222
-995
-1904
-2496
-2787
-2805
-2594
-2208
-1705
-1142
-576
-53
389
726
944
1041
1029
923
749
533
301
80
-112
-258
-351
-388
-373
-316
-229
-126
-20
75
149
196
212
198
159
101
33
-37
-101
-150
-180
-190
-178
-147
-102
-48
8
60
102
131
145
142
124
95
58
17
-22
-55
-78
-91
-92
-82
-81
-92
-91
-79
-56
-23
16
56
94
123
142
145
132
104
62
10
-46
-100
-145
-177
-190
-181
-151
-103
-40
30
99
157
197
212
197
152
78
-16
-121
-225
-313
-372
-388
-353
-263
-118
71
292
524
741
918
1026
1043
950
737
404
-34
-555
-1120
-1683
-2190
-2582
-2800
-2792
-2513
-1933
-1037
169
1659
3387
5288
7283
9282
11189
12910
14357
15453
16141
16384
16168
15506
14432
13004
11297
9398
7401
5403
3494
1755
249
-974
-1889
-2488
-2784
-2807
-2600
-2217
-1715
-1154
-587
-63
381
720
941
1041
1030
926
753
537
306
84
-108
-256
-349
-387
-374
-318
-231
-128
-22
73
148
195
212
199
160
102
34
-36
-99
-149
-180
-190
-178
-148
-103
-49
7
59
102
131
145
142
125
96
58
18
-21
-54
-78
-91
-92
-82
-81
-92
-91
-79
-56
-24
15
55
93
123
141
145
133
105
63
11
-45
-99
-144
-176
-189
-182
-152
-104
-41
28
97
156
197
212
198
153
80
-14
-119
-223
-312
-371
-388
-354
-265
-122
67
288
519
737
915
1025
1044
953
742
412
-25
-544
-1109
-1673
-2181
-2576
-2798
-2795
-2522
-1947
-1057
143
1627
3351
5249
7244
9243
11154
12879
14332
15436
16132
16383
16177
15523
14457
13035
11332
9436
7441
5442
3530
1787
276
-953
-1874
-2479
-2781
-2809
-2606
-2226
-1726
-1165
-598
-73
374
715
937
1040
1031
929
757
542
310
88
-105
-253
-348
-387
-375
-319
-233
-130
-24
72
147
195
212
199
161
104
35
-35
-98
-148
-180
-190
-178
-148
-104
-50
6
58
101
131
145
142
125
96
59
19
-20
-53
-78
-91
-92
-82
-80
-91
-92
-80
-57
-24
14
55
92
122
141
145
133
105
64
12
-44
-98
-144
-176
-189
-182
-153
-105
-43
27
96
155
196
212
198
154
82
-12
-117
-221
-310
-370
-388
-355
-267
-125
63
283
515
733
912
1024
1044
956
747
420
-15
-533
-1098
-1662
-2172
-2569
-2796
-2798
-2530
-1962
-1078
116
1596
3315
5211
7204
9205
11118
12848
14306
15418
16122
16383
16185
15540
14481
13066
11368
9475
7480
5481
3567
1819
303
-932
-1859
-2470
-2778
-2810
-2612
-2234
-1736
-1176
-609
-82
366
709
934
1039
1032
932
761
546
315
92
-102
-251
-347
-387
-375
-321
-235
-132
-26
70
146
194
212
200
162
105
37
-33
-97
-147
-179
-190
-179
-149
-105
-51
5
57
100
130
144
143
126
97
60
20
-19
-53
-77
-91
-92
-82
-80
-91
-92
-80
-57
-25
13
54
92
122
141
145
134
106
65
13
-42
-97
-143
-175
-189
-182
-154
-106
-44
26
95
154
195
212
199
155
83
-10
-115
-219
-309
-369
-388
-357
-269
-128
59
279
510
729
909
1022
1045
958
753
427
-6
-522
-1086
-1651
-2163
-2563
-2793
-2800
-2538
-1976
-1098
90
1564
3280
5173
7165
9166
11082
12816
14281
15400
16113
16382
16193
15556
14505
13097
11403
9513
7520
5519
3603
1851
330
-911
-1844
-2461
-2774
-2812
-2618
-2243
-1747
-1187
-620
-92
358
704
931
1038
1033
935
765
551
319
96
-98
-248
-345
-387
-376
-322
-237
-134
-28
68
144
193
212
200
163
106
38
-32
-96
-147
-179
-190
-179
-150
-106
-52
4
56
100
130
144
143
126
98
61
20
-19
-52
-77
-90
-92
-83
-80
-91
-92
-80
-58
-26
13
53
91
121
141
145
134
107
65
14
-41
-96
-142
-175
-189
-183
-155
-107
-45
24
93
153
195
212
199
156
85
-8
-113
-217
-307
-369
-389
-358
-272
-132
55
274
506
725
906
1021
1045
961
758
435
3
-512
-1075
-1640
-2154
-2557
-2791
-2802
-2546
-1990
-1119
64
1533
3244
5134
7125
9127
11045
12784
14255
15381
16103
16381
16201
15573
14530
13127
11439
9551
7559
5558
3639
1883
358
-889
-1829
-2452
-2771
-2814
-2623
-2252
-1757
-1199
-631
-102
350
698
928
1037
1034
937
769
555
324
100
-95
-246
-344
-386
-377
-323
-239
-136
-30
67
143
193
212
201
164
107
40
-31
-95
-146
-178
-190
-180
-150
-107
-53
3
55
99
129
144
143
127
98
62
21
-18
-52
-77
-90
-92
-83
-79
-91
-92
-81
-58
-26
12
52
90
121
140
145
134
107
66
15
-40
-95
-141
-174
-189
-183
-155
-108
-47
23
92
152
194
212
200
157
87
-6
-111
-216
-306
-368
-389
-359
-274
-135
51
270
501
721
903
1019
1046
964
763
442
13
-501
-1064
-1630
-2144
-2550
-2788
-2804
-2554
-2004
-1139
38
1501
3208
5096
7086
9089
11009
12753
14230
15363
16093
16380
16209
15589
14554
13158
11474
9590
7599
5597
3675
1916
385
-868
-1813
-2443
-2767
-2815
-2629
-2261
-1768
-1210
-642
-111
342
692
924
1036
1035
940
772
559
328
104
-91
-243
-343
-386
-377
-325
-240
-138
-32
65
142
192
212
201
165
109
41
-29
-94
-145
-178
-190
-180
-151
-108
-54
2
54
98
129
144
143
127
99
62
22
-17
-51
-76
-90
-92
-83
-79
-91
-92
-81
-59
-27
11
51
89
120
140
145
135
108
67
17
-39
-94
-140
-174
-189
-183
-156
-109
-48
22
91
151
194
212
200
159
88
-4
-109
-214
-304
-367
-389
-360
-276
-138
47
265
497
717
900
1018
1046
967
768
449
22
-490
-1053
-1619
-2135
-2544
-2786
-2807
-2561
-2017
-1159
12
1470
3173
5058
7046
9050
10973
12721
14204
15345
16083
16379
16217
15606
14578
13188
11509
9628
7638
5636
3712
1948
412
-846
-1798
-2433
-2764
-2817
-2635
-2269
-1778
-1221
-652
-121
334
686
921
1035
1036
943
776
564
333
109
-88
-241
-341
-386
-378
-326
-242
-140
-34
63
141
191
212
202
166
110
42
-28
-93
-144
-177
-190
-180
-152
-108
-56
0
53
97
128
144
143
128
100
63
23
-16
-50
-76
-90
-92
-84
-79
-91
-92
-81
-59
-28
10
51
89
120
140
145
135
109
68
18
-38
-93
-140
-173
-189
-184
-157
-110
-49
20
90
150
193
212
201
160
90
-2
-107
-212
-303
-366
-389
-361
-278
-141
43
261
492
713
897
1016
1047
969
773
457
31
-480
-1041
-1608
-2126
-2537
-2783
-2809
-2569
-2031
-1178
-14
1439
3138
5019
7007
9011
10937
12689
14178
15326
16073
16378
16225
15622
14602
13218
11545
9666
7678
5674
3748
1981
440
-824
-1782
-2424
-2760
-2818
-2640
-2278
-1789
-1232
-663
-131
326
681
917
1034
1037
945
780
568
338
113
-84
-238
-340
-385
-379
-328
-244
-142
-36
61
139
191
211
202
167
111
44
-27
-91
-143
-177
-190
-181
-153
-109
-57
-1
52
97
128
144
143
128
100
64
24
-16
-50
-75
-90
-93
-84
-78
-91
-92
-82
-60
-29
9
50
88
119
140
146
135
109
69
19
-37
-92
-139
-173
-189
-184
-157
-112
-51
19
88
149
192
211
201
161
92
0
-105
-210
-301
-365
-389
-362
-280
-144
39
256
488
709
894
1015
1047
972
778
464
41
-469
-1030
-1597
-2117
-2530
-2780
-2811
-2577
-2045
-1198
-40
1408
3102
4981
6967
8972
10900
12657
14151
15307
16062
16376
16232
15638
14625
13249
11580
9705
7717
5713
3785
2013
468
-802
-1766
-2414
-2756
-2820
-2646
-2286
-1799
-1243
-674
-141
318
675
914
1033
1038
948
784
573
342
117
-81
-236
-338
-385
-379
-329
-246
-144
-38
60
138
190
211
203
168
112
45
-25
-90
-142
-177
-190
-181
-153
-110
-58
-2
51
96
127
144
144
128
101
65
24
-15
-49
-75
-90
-93
-84
-78
-91
-92
-82
-61
-29
9
49
87
119
139
146
136
110
70
20
-36
-91
-138
-172
-189
-184
-158
-113
-52
17
87
148
192
211
202
162
93
2
-102
-208
-300
-364
-389
-363
-283
-148
35
252
483
705
891
1013
1048
975
783
471
50
-458
-1019
-1586
-2107
-2524
-2777
-2812
-2584
-2058
-1218
-65
1377
3067
4943
6928
8933
10864
12624
14125
15288
16051
16374
16239
15654
14649
13279
11615
9743
7757
5752
3821
2046
495
-780
-1751
-2405
-2752
-2821
-2651
-2295
-1810
-1255
-685
-151
310
669
910
1031
1039
950
787
577
347
121
-77
-233
-337
-385
-380
-330
-248
-146
-40
58
137
189
211
203
168
114
46
-24
-89
-142
-176
-189
-181
-154
-111
-59
-3
50
95
127
144
144
129
101
65
25
-14
-49
-75
-90
-93
-84
-78
-90
-92
-82
-61
-30
8
48
87
118
139
146
136
111
71
21
-35
-90
-137
-172
-189
-185
-159
-114
-53
16
86
147
191
211
202
163
95
4
-100
-206
-298
-363
-389
-364
-285
-151
31
247
479
701
888
1012
1048
977
788
479
59
-448
-1008
-1575
-2098
-2517
-2774
-2814
-2591
-2071
-1237
-91
1346
3032
4905
6889
8894
10827
12592
14099
15269
16041
16372
16246
15669
14672
13309
11650
9781
7796
5791
3858
2079
523
-758
-1735
-2395
-2748
-2822
-2656
-2303
-1820
-1266
-696
-160
302
663
907
1030
1040
953
791
582
351
125
-74
-231
-335
-384
-380
-332
-250
-149
-42
56
135
188
211
204
169
115
48
-23
-88
-141
-176
-189
-182
-155
-112
-60
-4
49
94
127
143
144
129
102
66
26
-14
-48
-74
-89
-93
-85
-77
-90
-92
-83
-62
-31
7
47
86
118
139
146
136
111
72
22
-34
-89
-136
-171
-188
-185
-160
-115
-54
15
84
146
190
211
203
164
96
6
-98
-204
-296
-362
-389
-365
-287
-154
27
243
474
697
884
1010
1048
980
793
486
68
-437
-997
-1565
-2088
-2510
-2771
-2816
-2598
-2085
-1257
-116
1316
2997
4867
6849
8855
10791
12560
14072
15250
16030
16370
16253
15685
14696
13338
11684
9819
7835
5830
3894
2112
551
-736
-1718
-2385
-2744
-2823
-2661
-2312
-1830
-1277
-707
-170
294
657
903
1029
1041
955
795
586
356
130
-70
-228
-334
-384
-381
-333
-252
-151
-44
54
134
188
211
204
170
116
49
-21
-87
-140
-175
-189
-182
-155
-113
-61
-5
48
94
126
143
144
130
103
67
27
-13
-47
-74
-89
-93
-85
-77
-90
-92
-83
-62
-31
6
47
85
117
139
146
137
112
73
23
-33
-87
-136
-171
-188
-185
-160
-116
-56
13
83
145
190
211
203
165
98
8
-96
-202
-295
-361
-389
-366
-289
-157
23
238
470
693
881
1008
1048
982
798
493
77
-427
-985
-1554
-2079
-2503
-2768
-2817
-2605
-2098
-1276
-142
1285
2962
4829
6810
8816
10754
12527
14046
15230
16018
16368
16260
15700
14719
13368
11719
9857
7875
5869
3931
2145
579
-714
-1702
-2375
-2740
-2824
-2667
-2320
-1841
-1288
-718
-180
286
651
900
1028
1042
958
799
590
360
134
-67
-226
-332
-383
-381
-334
-253
-153
-46
53
133
187
211
204
171
117
51
-20
-86
-139
-175
-189
-183
-156
-114
-62
-6
47
93
126
143
144
130
103
68
28
-12
-47
-73
-89
-93
-85
-77
-90
-93
-83
-63
-32
5
46
85
117
138
146
137
113
74
24
-31
-86
-135
-170
-188
-185
-161
-117
-57
12
82
144
189
211
204
166
99
10
-94
-200
-293
-360
-388
-367
-291
-160
19
234
465
689
878
1006
1049
985
802
500
86
-416
-974
-1543
-2069
-2496
-2764
-2819
-2612
-2111
-1295
-167
1254
2927
4791
6770
8777
10717
12495
14019
15211
16007
16365
16266
15715
14742
13398
11754
9895
7914
5908
3968
2178
608
-691
-1686
-2365
-2736
-2825
-2672
-2328
-1851
-1299
-729
-190
277
645
896
1026
1042
960
802
595
365
138
-63
-223
-331
-383
-382
-336
-255
-155
-48
51
131
186
211
205
172
118
52
-19
-84
-138
-174
-189
-183
-157
-115
-63
-7
46
92
125
143
144
131
104
68
28
-11
-46
-73
-89
-93
-85
-76
-90
-93
-84
-63
-33
5
45
84
116
138
146
137
113
74
25
-30
-85
-134
-170
-188
-186
-162
-118
-58
10
80
143
188
211
204
167
101
12
-92
-198
-292
-359
-388
-368
-293
-163
15
230
460
684
875
1005
1049
987
807
507
96
-406
-963
-1532
-2060
-2489
-2761
-2820
-2619
-2123
-1314
-192
1224
2892
4753
6731
8738
10681
12462
13992
15191
15996
16363
16273
15730
14765
13427
11788
9933
7954
5947
4005
2211
636
-668
-1669
-2354
-2731
-2825
-2677
-2336
-1861
-1311
-740
-200
269
639
892
1025
1043
963
806
599
369
142
-60
-220
-329
-382
-382
-337
-257
-157
-50
49
130
185
210
205
173
120
53
-17
-83
-137
-174
-189
-183
-158
-116
-64
-8
45
91
125
143
144
131
105
69
29
-11
-46
-72
-89
-93
-86
-76
-90
-93
-84
-64
-33
4
44
83
116
138
146
138
114
75
26
-29
-84
-133
-169
-188
-186
-162
-119
-60
9
79
141
188
211
205
168
103
14
-90
-196
-290
-358
-388
-369
-295
-166
12
225
456
680
872
1003
1049
989
812
514
105
-395
-952
-1521
-2050
-2482
-2757
-2821
-2626
-2136
-1333
-217
1194
2857
4715
6692
8699
10644
12429
13965
15171
15984
16360
16279
15745
14787
13457
11823
9971
7993
5986
4042
2245
664
-646
-1653
-2344
-2727
-2826
-2682
-2344
-1872
-1322
-751
-210
261
633
888
1023
1044
965
810
603
374
147
-56
-218
-328
-382
-383
-338
-259
-159
-52
47
129
184
210
206
174
121
55
-16
-82
-136
-173
-189
-184
-158
-117
-65
-9
44
90
124
142
145
131
105
70
30
-10
-45
-72
-88
-93
-86
-76
-89
-93
-84
-64
-34
3
44
82
115
137
146
138
114
76
27
-28
-83
-132
-169
-188
-186
-163
-120
-61
8
78
140
187
210
205
169
104
15
-88
-194
-288
-357
-388
-370
-297
-169
8
221
451
676
868
1001
1049
992
817
521
114
-385
-940
-1510
-2041
-2475
-2754
-2822
-2632
-2149
-1352
-241
1163
2823
4677
6652
8660
10607
12396
13938
15151
15972
16357
16285
15760
14810
13486
11857
10009
8032
6025
4079
2278
693
-623
-1636
-2333
-2722
-2827
-2687
-2353
-1882
-1333
-762
-220
252
626
885
1022
1044
967
813
608
378
151
-52
-215
-326
-381
-383
-339
-261
-161
-55
45
127
184
210
206
175
122
56
-14
-81
-135
-173
-189
-184
-159
-118
-66
-10
43
90
123
142
145
132
106
71
31
-9
-44
-72
-88
-93
-86
-75
-89
-93
-84
-65
-35
2
43
82
115
137
146
138
115
77
28
-27
-82
-131
-168
-187
-186
-164
-121
-62
6
76
139
186
210
205
170
106
17
-86
-192
-287
-356
-388
-371
-299
-172
4
216
447
672
865
999
1049
994
821
528
122
-374
-929
-1499
-2031
-2468
-2750
-2823
-2639
-2161
-1371
-266
1133
2788
4640
6613
8621
10570
12363
13910
15131
15960
16354
16291
15774
14832
13515
11892
10046
8072
6064
4116
2311
722
-600
-1619
-2323
-2717
-2827
-2691
-2361
-1892
-1344
-773
-230
244
620
881
1020
1045
970
817
612
383
155
-49
-212
-324
-381
-384
-341
-262
-163
-57
44
126
183
210
206
175
123
57
-13
-80
-134
-172
-189
-184
-160
-119
-67
-12
42
89
123
142
145
132
106
71
32
-8
-44
-71
-88
-93
-86
-75
-89
-93
-85
-65
-35
2
42
81
114
137
146
139
116
78
29
-26
-81
-130
-167
-187
-187
-164
-122
-63
5
75
138
186
210
206
171
107
19
-84
-190
-285
-355
-388
-372
-301
-175
0
212
442
668
862
997
1049
996
826
535
131
-364
-918
-1488
-2021
-2460
-2747
-2824
-2645
-2173
-1389
-291
1103
2753
4602
6574
8582
10533
12330
13883
15110
15948
16350
16296
15789
14855
13544
11926
10084
8111
6103
4153
2345
750
-577
-1602
-2312
-2712
-2827
-2696
-2369
-1902
-1355
-785
-241
236
614
877
1019
1045
972
820
617
388
160
-45
-209
-323
-380
-384
-342
-264
-165
-59
42
125
182
210
207
176
124
59
-12
-78
-134
-171
-189
-184
-160
-120
-69
-13
41
88
122
142
145
133
107
72
32
-8
-43
-71
-88
-93
-87
-74
-89
-93
-85
-66
-36
1
41
80
113
136
146
139
116
79
30
-25
-80
-130
-167
-187
-187
-165
-123
-65
3
74
137
185
210
206
172
109
21
-82
-188
-283
-354
-388
-372
-303
-178
-4
208
438
664
859
995
1049
998
830
542
140
-353
-907
-1477
-2011
-2453
-2743
-2825
-2651
-2186
-1408
-315
1073
2719
4564
6534
8543
10496
12297
13855
15090
15935
16347
16302
15803
14877
13573
11960
10122
8150
6142
4190
2378
779
-554
-1585
-2301
-2707
-2828
-2701
-2377
-1912
-1366
-796
-251
227
607
873
1017
1046
974
824
621
392
164
-41
-207
-321
-380
-385
-343
-266
-167
-61
40
123
181
209
207
177
126
60
-10
-77
-133
-171
-189
-185
-161
-121
-70
-14
40
87
122
142
145
133
108
73
33
-7
-43
-70
-87
-93
-87
-74
-89
-93
-85
-66
-37
0
40
80
113
136
146
139
117
80
31
-24
-79
-129
-166
-187
-187
-166
-124
-66
2
72
136
184
209
207
173
110
23
-79
-186
-282
-353
-387
-373
-305
-181
-8
203
433
659
855
993
1049
1000
835
548
149
-343
-896
-1466
-2002
-2446
-2739
-2826
-2657
-2198
-1426
-340
1043
2685
4526
6495
8504
10459
12264
13828
15069
15923
16343
16307
15817
14899
13602
11994
10159
8190
6181
4227
2412
808
-530
-1568
-2290
-2702
-2828
-2705
-2384
-1922
-1377
-807
-261
219
601
869
1015
1046
977
828
625
397
168
-38
-204
-319
-379
-385
-344
-268
-169
-63
38
122
180
209
207
178
127
62
-9
-76
-132
-170
-188
-185
-161
-122
-71
-15
39
86
121
141
145
133
108
74
34
-6
-42
-70
-87
-93
-87
-74
-89
-93
-86
-67
-37
-1
40
79
112
136
146
140
117
81
32
-23
-78
-128
-166
-187
-187
-166
-125
-67
1
71
135
183
209
207
174
112
25
-77
-184
-280
-352
-387
-374
-307
-184
-12
199
429
655
852
991
1049
1002
839
555
158
-333
-885
-1455
-1992
-2438
-2735
-2826
-2663
-2210
-1444
-364
1014
2650
4489
6456
8465
10421
12230
13800
15048
15910
16339
16312
15831
14921
13630
12028
10197
8229
6220
4264
2446
837
-507
-1551
-2279
-2697
-2828
-2710
-2392
-1932
-1389
-818
-271
210
595
865
1014
1047
979
831
629
401
173
-34
-201
-317
-378
-385
-345
-270
-171
-65
36
120
179
209
208
179
128
63
-8
-75
-131
-170
-188
-185
-162
-123
-72
-16
38
86
121
141
145
134
109
74
35
-5
-41
-69
-87
-93
-87
-73
-88
-93
-86
-67
-38
-1
39
78
112
135
145
140
118
81
33
-21
-77
-127
-165
-186
-187
-167
-126
-68
-1
70
134
183
209
207
175
113
27
-75
-182
-278
-351
-387
-375
-308
-187
-15
194
424
651
848
989
1048
1004
843
562
167
-322
-873
-1444
-1982
-2431
-2731
-2827
-2669
-2222
-1462
-388
984
2616
4451
6416
8425
10384
12197
13772
15028
15897
16335
16317
15844
14942
13659
12062
10235
8268
6260
4302
2480
866
-483
-1533
-2268
-2692
-2828
-2714
-2400
-1942
-1400
-829
-281
201
588
860
1012
1047
981
835
634
406
177
-30
-198
-316
-378
-386
-347
-271
-173
-67
34
119
179
208
208
180
129
64
-6
-73
-130
-169
-188
-185
-163
-123
-73
-17
37
85
120
141
145
134
109
75
36
-5
-41
-69
-87
-93
-87
-73
-88
-93
-86
-68
-39
-2
38
77
111
135
145
140
119
82
34
-20
-76
-126
-165
-186
-188
-167
-127
-70
-2
68
133
182
209
208
176
115
29
-73
-179
-277
-350
-387
-376
-310
-190
-19
190
420
647
845
987
1048
1006
848
568
175
-312
-862
-1433
-1972
-2423
-2727
-2827
-2675
-2233
-1480
-412
954
2582
4414
6377
8386
10347
12163
13744
15006
15884
16331
16322
15858
14964
13687
12096
10272
8308
6299
4339
2514
896
-460
-1516
-2256
-2686
-2828
-2718
-2408
-1952
-1411
-840
-291
193
582
856
1010
1048
983
838
638
410
181
-27
-195
-314
-377
-386
-348
-273
-175
-69
32
117
178
208
208
180
130
66
-5
-72
-129
-169
-188
-186
-163
-124
-74
-18
36
84
120
141
145
134
110
76
36
-4
-40
-68
-87
-93
-88
-73
-88
-93
-86
-68
-39
-3
37
77
111
135
145
140
119
83
35
-19
-75
-125
-164
-186
-188
-168
-128
-71
-3
67
131
181
208
208
177
116
31
-71
-177
-275
-349
-386
-376
-312
-193
-23
186
415
642
842
985
1048
1008
852
575
184
-302
-851
-1422
-1962
-2416
-2723
-2827
-2681
-2245
-1498
-436
925
2548
4376
6338
8347
10309
12130
13716
14985
15871
16327
16327
15871
14985
13716
12130
10309
8347
6338
4376
2548
925
-436
-1498
-2245
-2681
-2827
-2723
-2416
-1962
-1422
-851
-302
184
575
852
1008
1048
985
842
642
415
186
-23
-193
-312
-376
-386
-349
-275
-177
-71
31
116
177
208
208
181
131
67
-3
-71
-128
-168
-188
-186
-164
-125
-75
-19
35
83
119
140
145
135
111
77
37
-3
-39
-68
-86
-93
-88
-72
-88
-93
-87
-68
-40
-4
36
76
110
134
145
141
120
84
36
-18
-74
-124
-163
-186
-188
-169
-129
-72
-5
66
130
180
208
208
178
117
32
-69
-175
-273
-348
-386
-377
-314
-195
-27
181
410
638
838
983
1048
1010
856
582
193
-291
-840
-1411
-1952
-2408
-2718
-2828
-2686
-2256
-1516
-460
896
2514
4339
6299
8308
10272
12096
13687
14964
15858
16322
16331
15884
15006
13744
12163
10347
8386
6377
4414
2582
954
-412
-1480
-2233
-2675
-2827
-2727
-2423
-1972
-1433
-862
-312
175
568
848
1006
1048
987
845
647
420
190
-19
-190
-310
-376
-387
-350
-277
-179
-73
29
115
176
208
209
182
133
68
-2
-70
-127
-167
-188
-186
-165
-126
-76
-20
34
82
119
140
145
135
111
77
38
-2
-39
-68
-86
-93
-88
-72
-87
-93
-87
-69
-41
-5
36
75
109
134
145
141
120
85
37
-17
-73
-123
-163
-185
-188
-169
-130
-73
-6
64
129
180
208
208
179
119
34
-67
-173
-271
-347
-386
-378
-316
-198
-30
177
406
634
835
981
1047
1012
860
588
201
-281
-829
-1400
-1942
-2400
-2714
-2828
-2692
-2268
-1533
-483
866
2480
4302
6260
8268
10235
12062
13659
14942
15844
16317
16335
15897
15028
13772
12197
10384
8425
6416
4451
2616
984
-388
-1462
-2222
-2669
-2827
-2731
-2431
-1982
-1444
-873
-322
167
562
843
1004
1048
989
848
651
424
194
-15
-187
-308
-375
-387
-351
-278
-182
-75
27
113
175
207
209
183
134
70
-1
-68
-126
-167
-187
-186
-165
-127
-77
-21
33
81
118
140
145
135
112
78
39
-1
-38
-67
-86
-93
-88
-71
-87
-93
-87
-69
-41
-5
35
74
109
134
145
141
121
86
38
-16
-72
-123
-162
-185
-188
-170
-131
-75
-8
63
128
179
208
209
179
120
36
-65
-171
-270
-345
-385
-378
-317
-201
-34
173
401
629
831
979
1047
1014
865
595
210
-271
-818
-1389
-1932
-2392
-2710
-2828
-2697
-2279
-1551
-507
837
2446
4264
6220
8229
10197
12028
13630
14921
15831
16312
16339
15910
15048
13800
12230
10421
8465
6456
4489
2650
1014
-364
-1444
-2210
-2663
-2826
-2735
-2438
-1992
-1455
-885
-333
158
555
839
1002
1049
991
852
655
429
199
-12
-184
-307
-374
-387
-352
-280
-184
-77
25
112
174
207
209
183
135
71
1
-67
-125
-166
-187
-187
-166
-128
-78
-23
32
81
117
140
146
136
112
79
40
-1
-37
-67
-86
-93
-89
-71
-87
-93
-87
-70
-42
-6
34
74
108
133
145
141
121
86
39
-15
-71
-122
-161
-185
-188
-170
-132
-76
-9
62
127
178
207
209
180
122
38
-63
-169
-268
-344
-385
-379
-319
-204
-38
168
397
625
828
977
1046
1015
869
601
219
-261
-807
-1377
-1922
-2384
-2705
-2828
-2702
-2290
-1568
-530
808
2412
4227
6181
8190
10159
11994
13602
14899
15817
16307
16343
15923
15069
13828
12264
10459
8504
6495
4526
2685
1043
-340
-1426
-2198
-2657
-2826
-2739
-2446
-2002
-1466
-896
-343
149
548
835
1000
1049
993
855
659
433
203
-8
-181
-305
-373
-387
-353
-282
-186
-79
23
110
173
207
209
184
136
72
2
-66
-124
-166
-187
-187
-166
-129
-79
-24
31
80
117
139
146
136
113
80
40
0
-37
-66
-85
-93
-89
-71
-87
-93
-87
-70
-43
-7
33
73
108
133
145
142
122
87
40
-14
-70
-121
-161
-185
-189
-171
-133
-77
-10
60
126
177
207
209
181
123
40
-61
-167
-266
-343
-385
-380
-321
-207
-41
164
392
621
824
974
1046
1017
873
607
227
-251
-796
-1366
-1912
-2377
-2701
-2828
-2707
-2301
-1585
-554
779
2378
4190
6142
8150
10122
11960
13573
14877
15803
16302
16347
15935
15090
13855
12297
10496
8543
6534
4564
2719
1073
-315
-1408
-2186
-2651
-2825
-2743
-2453
-2011
-1477
-907
-353
140
542
830
998
1049
995
859
664
438
208
-4
-178
-303
-372
-388
-354
-283
-188
-82
21
109
172
206
210
185
137
74
3
-65
-123
-165
-187
-187
-167
-130
-80
-25
30
79
116
139
146
136
113
80
41
1
-36
-66
-85
-93
-89
-70
-87
-93
-88
-71
-43
-8
32
72
107
133
145
142
122
88
41
-13
-69
-120
-160
-184
-189
-171
-134
-78
-12
59
124
176
207
210
182
125
42
-59
-165
-264
-342
-384
-380
-323
-209
-45
160
388
617
820
972
1045
1019
877
614
236
-241
-785
-1355
-1902
-2369
-2696
-2827
-2712
-2312
-1602
-577
750
2345
4153
6103
8111
10084
11926
13544
14855
15789
16296
16350
15948
15110
13883
12330
10533
8582
6574
4602
2753
1103
-291
-1389
-2173
-2645
-2824
-2747
-2460
-2021
-1488
-918
-364
131
535
826
996
1049
997
862
668
442
212
0
-175
-301
-372
-388
-355
-285
-190
-84
19
107
171
206
210
186
138
75
5
-63
-122
-164
-187
-187
-167
-130
-81
-26
29
78
116
139
146
137
114
81
42
2
-35
-65
-85
-93
-89
-70
-86
-93
-88
-71
-44
-8
32
71
106
132
145
142
123
89
42
-12
-67
-119
-160
-184
-189
-172
-134
-80
-13
57
123
175
206
210
183
126
44
-57
-163
-262
-341
-384
-381
-324
-212
-49
155
383
612
817
970
1045
1020
881
620
244
-230
-773
-1344
-1892
-2361
-2691
-2827
-2717
-2323
-1619
-600
722
2311
4116
6064
8072
10046
11892
13515
14832
15774
16291
16354
15960
15131
13910
12363
10570
8621
6613
4640
2788
1133
-266
-1371
-2161
-2639
-2823
-2750
-2468
-2031
-1499
-929
-374
122
528
821
994
1049
999
865
672
447
216
4
-172
-299
-371
-388
-356
-287
-192
-86
17
106
170
205
210
186
139
76
6
-62
-121
-164
-186
-187
-168
-131
-82
-27
28
77
115
138
146
137
115
82
43
2
-35
-65
-84
-93
-89
-69
-86
-93
-88
-72
-44
-9
31
71
106
132
145
142
123
90
43
-10
-66
-118
-159
-184
-189
-173
-135
-81
-14
56
122
175
206
210
184
127
45
-55
-161
-261
-339
-383
-381
-326
-215
-52
151
378
608
813
967
1044
1022
885
626
252
-220
-762
-1333
-1882
-2353
-2687
-2827
-2722
-2333
-1636
-623
693
2278
4079
6025
8032
10009
11857
13486
14810
15760
16285
16357
15972
15151
13938
12396
10607
8660
6652
4677
2823
1163
-241
-1352
-2149
-2632
-2822
-2754
-2475
-2041
-1510
-940
-385
114
521
817
992
1049
1001
868
676
451
221
8
-169
-297
-370
-388
-357
-288
-194
-88
15
104
169
205
210
187
140
78
8
-61
-120
-163
-186
-188
-169
-132
-83
-28
27
76
114
138
146
137
115
82
44
3
-34
-64
-84
-93
-89
-69
-86
-93
-88
-72
-45
-10
30
70
105
131
145
142
124
90
44
-9
-65
-117
-158
-184
-189
-173
-136
-82
-16
55
121
174
206
210
184
129
47
-52
-159
-259
-338
-383
-382
-328
-218
-56
147
374
603
810
965
1044
1023
888
633
261
-210
-751
-1322
-1872
-2344
-2682
-2826
-2727
-2344
-1653
-646
664
2245
4042
5986
7993
9971
11823
13457
14787
15745
16279
16360
15984
15171
13965
12429
10644
8699
6692
4715
2857
1194
-217
-1333
-2136
-2626
-2821
-2757
-2482
-2050
-1521
-952
-395
105
514
812
989
1049
1003
872
680
456
225
12
-166
-295
-369
-388
-358
-290
-196
-90
14
103
168
205
211
188
141
79
9
-60
-119
-162
-186
-188
-169
-133
-84
-29
26
75
114
138
146
138
116
83
44
4
-33
-64
-84
-93
-90
-69
-86
-93
-89
-72
-46
-11
29
69
105
131
144
143
125
91
45
-8
-64
-116
-158
-183
-189
-174
-137
-83
-17
53
120
173
205
210
185
130
49
-50
-157
-257
-337
-382
-382
-329
-220
-60
142
369
599
806
963
1043
1025
892
639
269
-200
-740
-1311
-1861
-2336
-2677
-2825
-2731
-2354
-1669
-668
636
2211
4005
5947
7954
9933
11788
13427
14765
15730
16273
16363
15996
15191
13992
12462
10681
8738
6731
4753
2892
1224
-192
-1314
-2123
-2619
-2820
-2761
-2489
-2060
-1532
-963
-406
96
507
807
987
1049
1005
875
684
460
230
15
-163
-293
-368
-388
-359
-292
-198
-92
12
101
167
204
211
188
143
80
10
-58
-118
-162
-186
-188
-170
-134
-85
-30
25
74
113
137
146
138
116
84
45
5
-33
-63
-84
-93
-90
-68
-85
-93
-89
-73
-46
-11
28
68
104
131
144
143
125
92
46
-7
-63
-115
-157
-183
-189
-174
-138
-84
-19
52
118
172
205
211
186
131
51
-48
-155
-255
-336
-382
-383
-331
-223
-63
138
365
595
802
960
1042
1026
896
645
277
-190
-729
-1299
-1851
-2328
-2672
-2825
-2736
-2365
-1686
-691
608
2178
3968
5908
7914
9895
11754
13398
14742
15715
16266
16365
16007
15211
14019
12495
10717
8777
6770
4791
2927
1254
-167
-1295
-2111
-2612
-2819
-2764
-2496
-2069
-1543
-974
-416
86
500
802
985
1049
1006
878
689
465
234
19
-160
-291
-367
-388
-360
-293
-200
-94
10
99
166
204
211
189
144
82
12
-57
-117
-161
-185
-188
-170
-135
-86
-31
24
74
113
137
146
138
117
85
46
5
-32
-63
-83
-93
-90
-68
-85
-93
-89
-73
-47
-12
28
68
103
130
144
143
126
93
47
-6
-62
-114
-156
-183
-189
-175
-139
-86
-20
51
117
171
204
211
187
133
53
-46
-153
-253
-334
-381
-383
-332
-226
-67
134
360
590
799
958
1042
1028
900
651
286
-180
-718
-1288
-1841
-2320
-2667
-2824
-2740
-2375
-1702
-714
579
2145
3931
5869
7875
9857
11719
13368
14719
15700
16260
16368
16018
15230
14046
12527
10754
8816
6810
4829
2962
1285
-142
-1276
-2098
-2605
-2817
-2768
-2503
-2079
-1554
-985
-427
77
493
798
982
1048
1008
881
693
470
238
23
-157
-289
-366
-389
-361
-295
-202
-96
8
98
165
203
211
190
145
83
13
-56
-116
-160
-185
-188
-171
-136
-87
-33
23
73
112
137
146
139
117
85
47
6
-31
-62
-83
-92
-90
-67
-85
-93
-89
-74
-47
-13
27
67
103
130
144
143
126
94
48
-5
-61
-113
-155
-182
-189
-175
-140
-87
-21
49
116
170
204
211
188
134
54
-44
-151
-252
-333
-381
-384
-334
-228
-70
130
356
586
795
955
1041
1029
903
657
294
-170
-707
-1277
-1830
-2312
-2661
-2823
-2744
-2385
-1718
-736
551
2112
3894
5830
7835
9819
11684
13338
14696
15685
16253
16370
16030
15250
14072
12560
10791
8855
6849
4867
2997
1316
-116
-1257
-2085
-2598
-2816
-2771
-2510
-2088
-1565
-997
-437
68
486
793
980
1048
1010
884
697
474
243
27
-154
-287
-365
-389
-362
-296
-204
-98
6
96
164
203
211
190
146
84
15
-54
-115
-160
-185
-188
-171
-136
-89
-34
22
72
111
136
146
139
118
86
47
7
-31
-62
-83
-92
-90
-67
-85
-93
-89
-74
-48
-14
26
66
102
129
144
143
127
94
49
-4
-60
-112
-155
-182
-189
-176
-141
-88
-23
48
115
169
204
211
188
135
56
-42
-149
-250
-332
-380
-384
-335
-231
-74
125
351
582
791
953
1040
1030
907
663
302
-160
-696
-1266
-1820
-2303
-2656
-2822
-2748
-2395
-1735
-758
523
2079
3858
5791
7796
9781
11650
13309
14672
15669
16246
16372
16041
15269
14099
12592
10827
8894
6889
4905
3032
1346
-91
-1237
-2071
-2591
-2814
-2774
-2517
-2098
-1575
-1008
-448
59
479
788
977
1048
1012
888
701
479
247
31
-151
-285
-364
-389
-363
-298
-206
-100
4
95
163
202
211
191
147
86
16
-53
-114
-159
-185
-189
-172
-137
-90
-35
21
71
111
136
146
139
118
87
48
8
-30
-61
-82
-92
-90
-66
-84
-93
-90
-75
-49
-14
25
65
101
129
144
144
127
95
50
-3
-59
-111
-154
-181
-189
-176
-142
-89
-24
46
114
168
203
211
189
137
58
-40
-146
-248
-330
-380
-385
-337
-233
-77
121
347
577
787
950
1039
1031
910
669
310
-151
-685
-1255
-1810
-2295
-2651
-2821
-2752
-2405
-1751
-780
495
2046
3821
5752
7757
9743
11615
13279
14649
15654
16239
16374
16051
15288
14125
12624
10864
8933
6928
4943
3067
1377
-65
-1218
-2058
-2584
-2812
-2777
-2524
-2107
-1586
-1019
-458
50
471
783
975
1048
1013
891
705
483
252
35
-148
-283
-363
-389
-364
-300
-208
-102
2
93
162
202
211
192
148
87
17
-52
-113
-158
-184
-189
-172
-138
-91
-36
20
70
110
136
146
139
119
87
49
9
-29
-61
-82
-92
-91
-66
-84
-93
-90
-75
-49
-15
24
65
101
128
144
144
127
96
51
-2
-58
-110
-153
-181
-190
-177
-142
-90
-25
45
112
168
203
211
190
138
60
-38
-144
-246
-329
-379
-385
-338
-236
-81
117
342
573
784
948
1038
1033
914
675
318
-141
-674
-1243
-1799
-2286
-2646
-2820
-2756
-2414
-1766
-802
468
2013
3785
5713
7717
9705
11580
13249
14625
15638
16232
16376
16062
15307
14151
12657
10900
8972
6967
4981
3102
1408
-40
-1198
-2045
-2577
-2811
-2780
-2530
-2117
-1597
-1030
-469
41
464
778
972
1047
1015
894
709
488
256
39
-144
-280
-362
-389
-365
-301
-210
-105
0
92
161
201
211
192
149
88
19
-51
-112
-157
-184
-189
-173
-139
-92
-37
19
69
109
135
146
140
119
88
50
9
-29
-60
-82
-92
-91
-66
-84
-93
-90
-75
-50
-16
24
64
100
128
143
144
128
97
52
-1
-57
-109
-153
-181
-190
-177
-143
-91
-27
44
111
167
202
211
191
139
61
-36
-142
-244
-328
-379
-385
-340
-238
-84
113
338
568
780
945
1037
1034
917
681
326
-131
-663
-1232
-1789
-2278
-2640
-2818
-2760
-2424
-1782
-824
440
1981
3748
5674
7678
9666
11545
13218
14602
15622
16225
16378
16073
15326
14178
12689
10937
9011
7007
5019
3138
1439
-14
-1178
-2031
-2569
-2809
-2783
-2537
-2126
-1608
-1041
-480
31
457
773
969
1047
1016
897
713
492
261
43
-141
-278
-361
-389
-366
-303
-212
-107
-2
90
160
201
212
193
150
90
20
-49
-110
-157
-184
-189
-173
-140
-93
-38
18
68
109
135
145
140
120
89
51
10
-28
-59
-81
-92
-91
-65
-84
-92
-90
-76
-50
-16
23
63
100
128
143
144
128
97
53
0
-56
-108
-152
-180
-190
-177
-144
-93
-28
42
110
166
202
212
191
141
63
-34
-140
-242
-326
-378
-386
-341
-241
-88
109
333
564
776
943
1036
1035
921
686
334
-121
-652
-1221
-1778
-2269
-2635
-2817
-2764
-2433
-1798
-846
412
1948
3712
5636
7638
9628
11509
13188
14578
15606
16217
16379
16083
15345
14204
12721
10973
9050
7046
5058
3173
1470
12
-1159
-2017
-2561
-2807
-2786
-2544
-2135
-1619
-1053
-490
22
449
768
967
1046
1018
900
717
497
265
47
-138
-276
-360
-389
-367
-304
-214
-109
-4
88
159
200
212
194
151
91
22
-48
-109
-156
-183
-189
-174
-140
-94
-39
17
67
108
135
145
140
120
89
51
11
-27
-59
-81
-92
-91
-65
-83
-92
-90
-76
-51
-17
22
62
99
127
143
144
129
98
54
2
-54
-108
-151
-180
-190
-178
-145
-94
-29
41
109
165
201
212
192
142
65
-32
-138
-240
-325
-377
-386
-343
-243
-91
104
328
559
772
940
1035
1036
924
692
342
-111
-642
-1210
-1768
-2261
-2629
-2815
-2767
-2443
-1813
-868
385
1916
3675
5597
7599
9590
11474
13158
14554
15589
16209
16380
16093
15363
14230
12753
11009
9089
7086
5096
3208
1501
38
-1139
-2004
-2554
-2804
-2788
-2550
-2144
-1630
-1064
-501
13
442
763
964
1046
1019
903
721
501
270
51
-135
-274
-359
-389
-368
-306
-216
-111
-6
87
157
200
212
194
152
92
23
-47
-108
-155
-183
-189
-174
-141
-95
-40
15
66
107
134
145
140
121
90
52
12
-26
-58
-81
-92
-91
-64
-83
-92
-90
-77
-52
-18
21
62
98
127
143
144
129
99
55
3
-53
-107
-150
-180
-190
-178
-146
-95
-31
40
107
164
201
212
193
143
67
-30
-136
-239
-323
-377
-386
-344
-246
-95
100
324
555
769
937
1034
1037
928
698
350
-102
-631
-1199
-1757
-2252
-2623
-2814
-2771
-2452
-1829
-889
358
1883
3639
5558
7559
9551
11439
13127
14530
15573
16201
16381
16103
15381
14255
12784
11045
9127
7125
5134
3244
1533
64
-1119
-1990
-2546
-2802
-2791
-2557
-2154
-1640
-1075
-512
3
435
758
961
1045
1021
906
725
506
274
55
-132
-272
-358
-389
-369
-307
-217
-113
-8
85
156
199
212
195
153
93
24
-45
-107
-155
-183
-189
-175
-142
-96
-41
14
65
107
134
145
141
121
91
53
13
-26
-58
-80
-92
-91
-64
-83
-92
-90
-77
-52
-19
20
61
98
126
143
144
130
100
56
4
-52
-106
-150
-179
-190
-179
-147
-96
-32
38
106
163
200
212
193
144
68
-28
-134
-237
-322
-376
-387
-345
-248
-98
96
319
551
765
935
1033
1038
931
704
358
-92
-620
-1187
-1747
-2243
-2618
-2812
-2774
-2461
-1844
-911
330
1851
3603
5519
7520
9513
11403
13097
14505
15556
16193
16382
16113
15400
14281
12816
11082
9166
7165
5173
3280
1564
90
-1098
-1976
-2538
-2800
-2793
-2563
-2163
-1651
-1086
-522
-6
427
753
958
1045
1022
909
729
510
279
59
-128
-269
-357
-388
-369
-309
-219
-115
-10
83
155
199
212
195
154
95
26
-44
-106
-154
-182
-189
-175
-143
-97
-42
13
65
106
134
145
141
122
92
54
13
-25
-57
-80
-92
-91
-63
-82
-92
-91
-77
-53
-19
20
60
97
126
143
144
130
100
57
5
-51
-105
-149
-179
-190
-179
-147
-97
-33
37
105
162
200
212
194
146
70
-26
-132
-235
-321
-375
-387
-347
-251
-102
92
315
546
761
932
1032
1039
934
709
366
-82
-609
-1176
-1736
-2234
-2612
-2810
-2778
-2470
-1859
-932
303
1819
3567
5481
7480
9475
11368
13066
14481
15540
16185
16383
16122
15418
14306
12848
11118
9205
7204
5211
3315
1596
116
-1078
-1962
-2530
-2798
-2796
-2569
-2172
-1662
-1098
-533
-15
420
747
956
1044
1024
912
733
515
283
63
-125
-267
-355
-388
-370
-310
-221
-117
-12
82
154
198
212
196
155
96
27
-43
-105
-153
-182
-189
-176
-144
-98
-44
12
64
105
133
145
141
122
92
55
14
-24
-57
-80
-92
-91
-63
-82
-92
-91
-78
-53
-20
19
59
96
125
142
145
131
101
58
6
-50
-104
-148
-178
-190
-180
-148
-98
-35
35
104
161
199
212
195
147
72
-24
-130
-233
-319
-375
-387
-348
-253
-105
88
310
542
757
929
1031
1040
937
715
374
-73
-598
-1165
-1726
-2226
-2606
-2809
-2781
-2479
-1874
-953
276
1787
3530
5442
7441
9436
11332
13035
14457
15523
16177
16383
16132
15436
14332
12879
11154
9243
7244
5249
3351
1627
143
-1057
-1947
-2522
-2795
-2798
-2576
-2181
-1673
-1109
-544
-25
412
742
953
1044
1025
915
737
519
288
67
-122
-265
-354
-388
-371
-312
-223
-119
-14
80
153
198
212
197
156
97
28
-41
-104
-152
-182
-189
-176
-144
-99
-45
11
63
105
133
145
141
123
93
55
15
-24
-56
-79
-91
-92
-63
-82
-92
-91
-78
-54
-21
18
58
96
125
142
145
131
102
59
7
-49
-103
-148
-178
-190
-180
-149
-99
-36
34
102
160
199
212
195
148
73
-22
-128
-231
-318
-374
-387
-349
-256
-108
84
306
537
753
926
1030
1041
941
720
381
-63
-587
-1154
-1715
-2217
-2600
-2807
-2784
-2488
-1889
-974
249
1755
3494
5403
7401
9398
11297
13004
14432
15506
16168
16384
16141
15453
14357
12910
11189
9282
7283
5288
3387
1659
169
-1037
-1933
-2513
-2792
-2800
-2582
-2190
-1683
-1120
-555
-34
404
737
950
1043
1026
918
741
524
292
71
-118
-263
-353
-388
-372
-313
-225
-121
-16
78
152
197
212
197
157
99
30
-40
-103
-151
-181
-190
-177
-145
-100
-46
10
62
104
132
145
142
123
94
56
16
-23
-56
-79
-91
-92
-62
-82
-92
-91
-78
-55
-22
17
58
95
124
142
145
131
102
60
8
-48
-102
-147
-178
-190
-180
-150
-101
-37
33
101
159
198
212
196
149
75
-20
-126
-229
-316
-373
-388
-351
-258
-112
80
301
533
749
923
1029
1041
944
726
389
-53
-576
-1142
-1705
-2208
-2594
-2805
-2787
-2496
-1904
-995
222
1723
3458
5365
7362
9359
11261
12973
14407
15488
16159
16384
16150
15471
14382
12942
11225
9321
7323
5326
3423
1691
196
-1016
-1918
-2505
-2790
-2803
-2588
-2199
-1694
-1131
-566
-44
397
731
947
1042
1028
921
745
528
297
75
-115
-260
-352
-388
-373
-315
-227
-123
-18
77
150
196
212
198
158
100
31
-39
-102
-151
-181
-190
-177
-146
-101
-47
9
61
103
132
145
142
124
94
57
16
-22
-55
-79
-91
-92
